%YAML:1.0
---
camera_type: fisheye
fov: 1.
img_size: [ 1280, 960 ]
camera_params:
   K1: !!opencv-matrix
      rows: 3
      cols: 3
      dt: d
      data: [ 3.9121230191924263e+02, 5.9712372637923095e-01,
          6.3807661328840072e+02, 0., 3.9194532950455869e+02,
          5.0073758428970604e+02, 0., 0., 1. ]
   K2: !!opencv-matrix
      rows: 3
      cols: 3
      dt: d
      data: [ 3.9168492722910617e+02, 1.1051012392868875e-01,
          6.3965872715375326e+02, 0., 3.9241691723548058e+02,
          4.9225143834256971e+02, 0., 0., 1. ]
   D1: !!opencv-matrix
      rows: 4
      cols: 1
      dt: d
      data: [ -2.8123025023298984e-02, 1.1932907026504245e-03,
          -6.2370796075742353e-03, 1.2942461586197083e-03 ]
   D2: !!opencv-matrix
      rows: 4
      cols: 1
      dt: d
      data: [ -2.7504510264375486e-02, -3.4649723004982766e-03,
          -2.0361039645337415e-03, 2.9411575421792288e-04 ]
   R1: !!opencv-matrix
      rows: 3
      cols: 3
      dt: d
      data: [ 9.9996959604928704e-01, -7.4263205245622488e-03,
          2.3783903153301571e-03, 7.4296763765688834e-03,
          9.9997141216437102e-01, -1.4052625850368141e-03,
          -2.3678863919210876e-03, 1.4228905298425199e-03,
          9.9999618424100756e-01 ]
   R2: !!opencv-matrix
      rows: 3
      cols: 3
      dt: d
      data: [ 9.9999943310772166e-01, -1.0233159622808285e-03,
          2.9429352105877414e-04, 1.0228987823554477e-03,
          9.9999847680328813e-01, 1.4142380226396564e-03,
          -2.9574028513486701e-04, -1.4139361884346847e-03,
          9.9999895666052518e-01 ]
   P1: !!opencv-matrix
      rows: 3
      cols: 4
      dt: d
      data: [ 1.8416415835558936e+02, 0., 6.3747906522700919e+02, 0., 0.,
          1.8416415835558936e+02, 5.8077064508075512e+02, 0., 0., 0., 1.,
          0. ]
   P2: !!opencv-matrix
      rows: 3
      cols: 4
      dt: d
      data: [ 1.8416415835558936e+02, 0., 6.3747906522700919e+02,
          -2.3038000827627833e+01, 0., 1.8416415835558936e+02,
          5.8077064508075512e+02, 0., 0., 0., 1., 0. ]
   R: !!opencv-matrix
      rows: 3
      cols: 3
      dt: d
      data: [ 9.9997732926056004e-01, -6.4038675808185111e-03,
          2.0812123689979626e-03, 6.4097282505593918e-03,
          9.9997547660712538e-01, -2.8216250825244022e-03,
          -2.0630920172181543e-03, 2.8349011199143574e-03,
          9.9999385347459446e-01 ]
   T: !!opencv-matrix
      rows: 3
      cols: 1
      dt: d
      data: [ -1.2509485001463022e-01, 1.2801162939382528e-04,
          -3.6814624748910181e-05 ]
