%YAML:1.0
---
camera_type: fisheye
fov: 1.5000000000000000e+00
img_size: [ 1280, 960 ]
camera_params:
   K1: !!opencv-matrix
      rows: 3
      cols: 3
      dt: d
      data: [ 3.9214968918044423e+02, 3.8894289850034386e-01,
          6.3177721851529861e+02, 0., 3.9311269164455382e+02,
          4.9319355625851932e+02, 0., 0., 1. ]
   K2: !!opencv-matrix
      rows: 3
      cols: 3
      dt: d
      data: [ 3.9197452294996776e+02, 1.4389158764659996e-01,
          6.2061951328051055e+02, 0., 3.9276542174216701e+02,
          4.8921654814867327e+02, 0., 0., 1. ]
   D1: !!opencv-matrix
      rows: 4
      cols: 1
      dt: d
      data: [ -2.8104623741541823e-02, 2.7461056854554420e-04,
          -7.6713959558995914e-03, 2.4298363432921485e-03 ]
   D2: !!opencv-matrix
      rows: 4
      cols: 1
      dt: d
      data: [ -3.1501257010027824e-02, 3.3151001344866667e-03,
          -8.1289372203317885e-03, 2.2036779498376766e-03 ]
   R1: !!opencv-matrix
      rows: 3
      cols: 3
      dt: d
      data: [ 9.9999082185890931e-01, -4.2790996461598198e-03,
          2.1331704440941558e-04, 4.2784674612409051e-03,
          9.9998669766357284e-01, 2.8808353103058153e-03,
          -2.2564158815130278e-04, -2.8798961995594435e-03,
          9.9999582763317241e-01 ]
   R2: !!opencv-matrix
      rows: 3
      cols: 3
      dt: d
      data: [ 9.9999580296374369e-01, -2.7112668535399058e-04,
          -2.8845355290339296e-03, 2.6281701550311815e-04,
          9.9999581608178489e-01, -2.8807544396300833e-03,
          2.8853045097757199e-03, 2.8799842439804022e-03,
          9.9999169031979473e-01 ]
   P1: !!opencv-matrix
      rows: 3
      cols: 4
      dt: d
      data: [ 9.1234553130204645e+01, 0., 6.4269025344889110e+02, 0., 0.,
          9.1234553130204645e+01, 5.0070566063831137e+02, 0., 0., 0., 1.,
          0. ]
   P2: !!opencv-matrix
      rows: 3
      cols: 4
      dt: d
      data: [ 9.1234553130204645e+01, 0., 6.4269025344889110e+02,
          -1.1393488707729071e+01, 0., 9.1234553130204645e+01,
          5.0070566063831137e+02, 0., 0., 0., 1., 0. ]
   R: !!opencv-matrix
      rows: 3
      cols: 3
      dt: d
      data: [ 9.9998709827053101e-01, -4.0245775447017643e-03,
          3.0993657528820971e-03, 4.0066755193580075e-03,
          9.9997537992343788e-01, 5.7607376488255568e-03,
          -3.1224739816423353e-03, -5.7482451724592673e-03,
          9.9997860368793456e-01 ]
   T: !!opencv-matrix
      rows: 3
      cols: 1
      dt: d
      data: [ -1.2488076609071369e-01, 3.3858650282230055e-05,
          3.6022451855793886e-04 ]
